{
 "cells": [
  {
   "cell_type": "markdown",
   "metadata": {},
   "source": [
    "## Analysis"
   ]
  },
  {
   "cell_type": "code",
   "execution_count": 1,
   "metadata": {
    "execution": {
     "iopub.execute_input": "2020-07-03T05:53:32.646350Z",
     "iopub.status.busy": "2020-07-03T05:53:32.645351Z",
     "iopub.status.idle": "2020-07-03T05:53:33.426051Z",
     "shell.execute_reply": "2020-07-03T05:53:33.426051Z",
     "shell.execute_reply.started": "2020-07-03T05:53:32.646350Z"
    }
   },
   "outputs": [],
   "source": [
    "import pandas as pd\n",
    "import numpy as np"
   ]
  },
  {
   "cell_type": "code",
   "execution_count": 5,
   "metadata": {
    "execution": {
     "iopub.execute_input": "2020-07-03T05:55:56.725282Z",
     "iopub.status.busy": "2020-07-03T05:55:56.724284Z",
     "iopub.status.idle": "2020-07-03T05:55:56.737246Z",
     "shell.execute_reply": "2020-07-03T05:55:56.735932Z",
     "shell.execute_reply.started": "2020-07-03T05:55:56.724284Z"
    }
   },
   "outputs": [],
   "source": [
    "data=pd.read_csv(r'C:\\Users\\倪磊\\Desktop\\data.csv')"
   ]
  },
  {
   "cell_type": "code",
   "execution_count": 6,
   "metadata": {
    "execution": {
     "iopub.execute_input": "2020-07-03T05:55:57.294893Z",
     "iopub.status.busy": "2020-07-03T05:55:57.294893Z",
     "iopub.status.idle": "2020-07-03T05:55:57.307861Z",
     "shell.execute_reply": "2020-07-03T05:55:57.306863Z",
     "shell.execute_reply.started": "2020-07-03T05:55:57.294893Z"
    }
   },
   "outputs": [
    {
     "data": {
      "text/html": [
       "<div>\n",
       "<style scoped>\n",
       "    .dataframe tbody tr th:only-of-type {\n",
       "        vertical-align: middle;\n",
       "    }\n",
       "\n",
       "    .dataframe tbody tr th {\n",
       "        vertical-align: top;\n",
       "    }\n",
       "\n",
       "    .dataframe thead th {\n",
       "        text-align: right;\n",
       "    }\n",
       "</style>\n",
       "<table border=\"1\" class=\"dataframe\">\n",
       "  <thead>\n",
       "    <tr style=\"text-align: right;\">\n",
       "      <th></th>\n",
       "      <th>Open Time</th>\n",
       "      <th>Type</th>\n",
       "      <th>Size</th>\n",
       "      <th>Item</th>\n",
       "      <th>Price</th>\n",
       "      <th>Close Time</th>\n",
       "      <th>Price.1</th>\n",
       "      <th>Profit</th>\n",
       "    </tr>\n",
       "  </thead>\n",
       "  <tbody>\n",
       "    <tr>\n",
       "      <th>0</th>\n",
       "      <td>2020.07.01 19:27:25</td>\n",
       "      <td>sell</td>\n",
       "      <td>0.5</td>\n",
       "      <td>xauusd</td>\n",
       "      <td>1767.21</td>\n",
       "      <td>2020.07.02 15:43:23</td>\n",
       "      <td>1765.82</td>\n",
       "      <td>69.5</td>\n",
       "    </tr>\n",
       "    <tr>\n",
       "      <th>1</th>\n",
       "      <td>2020.07.01 19:40:06</td>\n",
       "      <td>sell</td>\n",
       "      <td>0.5</td>\n",
       "      <td>xauusd</td>\n",
       "      <td>1768.28</td>\n",
       "      <td>2020.07.02 15:16:45</td>\n",
       "      <td>1767.84</td>\n",
       "      <td>22.0</td>\n",
       "    </tr>\n",
       "    <tr>\n",
       "      <th>2</th>\n",
       "      <td>2020.07.01 16:09:03</td>\n",
       "      <td>buy</td>\n",
       "      <td>0.5</td>\n",
       "      <td>xauusd</td>\n",
       "      <td>1775.25</td>\n",
       "      <td>2020.07.02 12:02:40</td>\n",
       "      <td>1772.75</td>\n",
       "      <td>-125.0</td>\n",
       "    </tr>\n",
       "    <tr>\n",
       "      <th>3</th>\n",
       "      <td>2020.07.01 19:49:10</td>\n",
       "      <td>sell</td>\n",
       "      <td>0.5</td>\n",
       "      <td>xauusd</td>\n",
       "      <td>1769.12</td>\n",
       "      <td>2020.07.01 20:46:36</td>\n",
       "      <td>1769.05</td>\n",
       "      <td>3.5</td>\n",
       "    </tr>\n",
       "    <tr>\n",
       "      <th>4</th>\n",
       "      <td>2020.07.01 18:23:39</td>\n",
       "      <td>buy</td>\n",
       "      <td>0.5</td>\n",
       "      <td>xauusd</td>\n",
       "      <td>1760.00</td>\n",
       "      <td>2020.07.01 20:33:56</td>\n",
       "      <td>1771.32</td>\n",
       "      <td>566.0</td>\n",
       "    </tr>\n",
       "  </tbody>\n",
       "</table>\n",
       "</div>"
      ],
      "text/plain": [
       "             Open Time  Type  Size    Item    Price           Close Time  \\\n",
       "0  2020.07.01 19:27:25  sell   0.5  xauusd  1767.21  2020.07.02 15:43:23   \n",
       "1  2020.07.01 19:40:06  sell   0.5  xauusd  1768.28  2020.07.02 15:16:45   \n",
       "2  2020.07.01 16:09:03   buy   0.5  xauusd  1775.25  2020.07.02 12:02:40   \n",
       "3  2020.07.01 19:49:10  sell   0.5  xauusd  1769.12  2020.07.01 20:46:36   \n",
       "4  2020.07.01 18:23:39   buy   0.5  xauusd  1760.00  2020.07.01 20:33:56   \n",
       "\n",
       "   Price.1  Profit  \n",
       "0  1765.82    69.5  \n",
       "1  1767.84    22.0  \n",
       "2  1772.75  -125.0  \n",
       "3  1769.05     3.5  \n",
       "4  1771.32   566.0  "
      ]
     },
     "execution_count": 6,
     "metadata": {},
     "output_type": "execute_result"
    }
   ],
   "source": [
    "data.head()"
   ]
  },
  {
   "cell_type": "code",
   "execution_count": 8,
   "metadata": {
    "execution": {
     "iopub.execute_input": "2020-07-03T05:59:27.807061Z",
     "iopub.status.busy": "2020-07-03T05:59:27.807061Z",
     "iopub.status.idle": "2020-07-03T05:59:27.812046Z",
     "shell.execute_reply": "2020-07-03T05:59:27.811761Z",
     "shell.execute_reply.started": "2020-07-03T05:59:27.807061Z"
    }
   },
   "outputs": [],
   "source": [
    "data.rename(columns={'Open Time':'date','Price':'price','Close Time':'close'},inplace=True)"
   ]
  },
  {
   "cell_type": "code",
   "execution_count": 9,
   "metadata": {
    "execution": {
     "iopub.execute_input": "2020-07-03T05:59:28.858056Z",
     "iopub.status.busy": "2020-07-03T05:59:28.857059Z",
     "iopub.status.idle": "2020-07-03T05:59:28.869025Z",
     "shell.execute_reply": "2020-07-03T05:59:28.869025Z",
     "shell.execute_reply.started": "2020-07-03T05:59:28.857059Z"
    }
   },
   "outputs": [
    {
     "data": {
      "text/html": [
       "<div>\n",
       "<style scoped>\n",
       "    .dataframe tbody tr th:only-of-type {\n",
       "        vertical-align: middle;\n",
       "    }\n",
       "\n",
       "    .dataframe tbody tr th {\n",
       "        vertical-align: top;\n",
       "    }\n",
       "\n",
       "    .dataframe thead th {\n",
       "        text-align: right;\n",
       "    }\n",
       "</style>\n",
       "<table border=\"1\" class=\"dataframe\">\n",
       "  <thead>\n",
       "    <tr style=\"text-align: right;\">\n",
       "      <th></th>\n",
       "      <th>date</th>\n",
       "      <th>Type</th>\n",
       "      <th>Size</th>\n",
       "      <th>Item</th>\n",
       "      <th>price</th>\n",
       "      <th>close</th>\n",
       "      <th>Price.1</th>\n",
       "      <th>Profit</th>\n",
       "    </tr>\n",
       "  </thead>\n",
       "  <tbody>\n",
       "    <tr>\n",
       "      <th>0</th>\n",
       "      <td>2020.07.01 19:27:25</td>\n",
       "      <td>sell</td>\n",
       "      <td>0.5</td>\n",
       "      <td>xauusd</td>\n",
       "      <td>1767.21</td>\n",
       "      <td>2020.07.02 15:43:23</td>\n",
       "      <td>1765.82</td>\n",
       "      <td>69.5</td>\n",
       "    </tr>\n",
       "    <tr>\n",
       "      <th>1</th>\n",
       "      <td>2020.07.01 19:40:06</td>\n",
       "      <td>sell</td>\n",
       "      <td>0.5</td>\n",
       "      <td>xauusd</td>\n",
       "      <td>1768.28</td>\n",
       "      <td>2020.07.02 15:16:45</td>\n",
       "      <td>1767.84</td>\n",
       "      <td>22.0</td>\n",
       "    </tr>\n",
       "    <tr>\n",
       "      <th>2</th>\n",
       "      <td>2020.07.01 16:09:03</td>\n",
       "      <td>buy</td>\n",
       "      <td>0.5</td>\n",
       "      <td>xauusd</td>\n",
       "      <td>1775.25</td>\n",
       "      <td>2020.07.02 12:02:40</td>\n",
       "      <td>1772.75</td>\n",
       "      <td>-125.0</td>\n",
       "    </tr>\n",
       "    <tr>\n",
       "      <th>3</th>\n",
       "      <td>2020.07.01 19:49:10</td>\n",
       "      <td>sell</td>\n",
       "      <td>0.5</td>\n",
       "      <td>xauusd</td>\n",
       "      <td>1769.12</td>\n",
       "      <td>2020.07.01 20:46:36</td>\n",
       "      <td>1769.05</td>\n",
       "      <td>3.5</td>\n",
       "    </tr>\n",
       "    <tr>\n",
       "      <th>4</th>\n",
       "      <td>2020.07.01 18:23:39</td>\n",
       "      <td>buy</td>\n",
       "      <td>0.5</td>\n",
       "      <td>xauusd</td>\n",
       "      <td>1760.00</td>\n",
       "      <td>2020.07.01 20:33:56</td>\n",
       "      <td>1771.32</td>\n",
       "      <td>566.0</td>\n",
       "    </tr>\n",
       "  </tbody>\n",
       "</table>\n",
       "</div>"
      ],
      "text/plain": [
       "                  date  Type  Size    Item    price                close  \\\n",
       "0  2020.07.01 19:27:25  sell   0.5  xauusd  1767.21  2020.07.02 15:43:23   \n",
       "1  2020.07.01 19:40:06  sell   0.5  xauusd  1768.28  2020.07.02 15:16:45   \n",
       "2  2020.07.01 16:09:03   buy   0.5  xauusd  1775.25  2020.07.02 12:02:40   \n",
       "3  2020.07.01 19:49:10  sell   0.5  xauusd  1769.12  2020.07.01 20:46:36   \n",
       "4  2020.07.01 18:23:39   buy   0.5  xauusd  1760.00  2020.07.01 20:33:56   \n",
       "\n",
       "   Price.1  Profit  \n",
       "0  1765.82    69.5  \n",
       "1  1767.84    22.0  \n",
       "2  1772.75  -125.0  \n",
       "3  1769.05     3.5  \n",
       "4  1771.32   566.0  "
      ]
     },
     "execution_count": 9,
     "metadata": {},
     "output_type": "execute_result"
    }
   ],
   "source": [
    "data.head()"
   ]
  },
  {
   "cell_type": "code",
   "execution_count": 11,
   "metadata": {
    "execution": {
     "iopub.execute_input": "2020-07-03T05:59:51.371984Z",
     "iopub.status.busy": "2020-07-03T05:59:51.371984Z",
     "iopub.status.idle": "2020-07-03T05:59:51.413373Z",
     "shell.execute_reply": "2020-07-03T05:59:51.413373Z",
     "shell.execute_reply.started": "2020-07-03T05:59:51.371984Z"
    }
   },
   "outputs": [
    {
     "data": {
      "text/html": [
       "<div>\n",
       "<style scoped>\n",
       "    .dataframe tbody tr th:only-of-type {\n",
       "        vertical-align: middle;\n",
       "    }\n",
       "\n",
       "    .dataframe tbody tr th {\n",
       "        vertical-align: top;\n",
       "    }\n",
       "\n",
       "    .dataframe thead th {\n",
       "        text-align: right;\n",
       "    }\n",
       "</style>\n",
       "<table border=\"1\" class=\"dataframe\">\n",
       "  <thead>\n",
       "    <tr style=\"text-align: right;\">\n",
       "      <th></th>\n",
       "      <th>date</th>\n",
       "      <th>Type</th>\n",
       "      <th>Size</th>\n",
       "      <th>Item</th>\n",
       "      <th>price</th>\n",
       "      <th>close</th>\n",
       "      <th>Price.1</th>\n",
       "      <th>Profit</th>\n",
       "    </tr>\n",
       "  </thead>\n",
       "  <tbody>\n",
       "    <tr>\n",
       "      <th>0</th>\n",
       "      <td>2020-07-01 19:27:25</td>\n",
       "      <td>sell</td>\n",
       "      <td>0.5</td>\n",
       "      <td>xauusd</td>\n",
       "      <td>1767.21</td>\n",
       "      <td>2020.07.02 15:43:23</td>\n",
       "      <td>1765.82</td>\n",
       "      <td>69.5</td>\n",
       "    </tr>\n",
       "    <tr>\n",
       "      <th>1</th>\n",
       "      <td>2020-07-01 19:40:06</td>\n",
       "      <td>sell</td>\n",
       "      <td>0.5</td>\n",
       "      <td>xauusd</td>\n",
       "      <td>1768.28</td>\n",
       "      <td>2020.07.02 15:16:45</td>\n",
       "      <td>1767.84</td>\n",
       "      <td>22.0</td>\n",
       "    </tr>\n",
       "    <tr>\n",
       "      <th>2</th>\n",
       "      <td>2020-07-01 16:09:03</td>\n",
       "      <td>buy</td>\n",
       "      <td>0.5</td>\n",
       "      <td>xauusd</td>\n",
       "      <td>1775.25</td>\n",
       "      <td>2020.07.02 12:02:40</td>\n",
       "      <td>1772.75</td>\n",
       "      <td>-125.0</td>\n",
       "    </tr>\n",
       "    <tr>\n",
       "      <th>3</th>\n",
       "      <td>2020-07-01 19:49:10</td>\n",
       "      <td>sell</td>\n",
       "      <td>0.5</td>\n",
       "      <td>xauusd</td>\n",
       "      <td>1769.12</td>\n",
       "      <td>2020.07.01 20:46:36</td>\n",
       "      <td>1769.05</td>\n",
       "      <td>3.5</td>\n",
       "    </tr>\n",
       "    <tr>\n",
       "      <th>4</th>\n",
       "      <td>2020-07-01 18:23:39</td>\n",
       "      <td>buy</td>\n",
       "      <td>0.5</td>\n",
       "      <td>xauusd</td>\n",
       "      <td>1760.00</td>\n",
       "      <td>2020.07.01 20:33:56</td>\n",
       "      <td>1771.32</td>\n",
       "      <td>566.0</td>\n",
       "    </tr>\n",
       "  </tbody>\n",
       "</table>\n",
       "</div>"
      ],
      "text/plain": [
       "                 date  Type  Size    Item    price                close  \\\n",
       "0 2020-07-01 19:27:25  sell   0.5  xauusd  1767.21  2020.07.02 15:43:23   \n",
       "1 2020-07-01 19:40:06  sell   0.5  xauusd  1768.28  2020.07.02 15:16:45   \n",
       "2 2020-07-01 16:09:03   buy   0.5  xauusd  1775.25  2020.07.02 12:02:40   \n",
       "3 2020-07-01 19:49:10  sell   0.5  xauusd  1769.12  2020.07.01 20:46:36   \n",
       "4 2020-07-01 18:23:39   buy   0.5  xauusd  1760.00  2020.07.01 20:33:56   \n",
       "\n",
       "   Price.1  Profit  \n",
       "0  1765.82    69.5  \n",
       "1  1767.84    22.0  \n",
       "2  1772.75  -125.0  \n",
       "3  1769.05     3.5  \n",
       "4  1771.32   566.0  "
      ]
     },
     "execution_count": 11,
     "metadata": {},
     "output_type": "execute_result"
    }
   ],
   "source": [
    "data.date=pd.to_datetime(data.date)\n",
    "data.head()"
   ]
  },
  {
   "cell_type": "markdown",
   "metadata": {},
   "source": [
    "如何去找出数据的规律"
   ]
  },
  {
   "cell_type": "code",
   "execution_count": 12,
   "metadata": {
    "execution": {
     "iopub.execute_input": "2020-07-03T06:03:16.809804Z",
     "iopub.status.busy": "2020-07-03T06:03:16.808807Z",
     "iopub.status.idle": "2020-07-03T06:03:16.832255Z",
     "shell.execute_reply": "2020-07-03T06:03:16.831257Z",
     "shell.execute_reply.started": "2020-07-03T06:03:16.809804Z"
    }
   },
   "outputs": [
    {
     "data": {
      "text/html": [
       "<div>\n",
       "<style scoped>\n",
       "    .dataframe tbody tr th:only-of-type {\n",
       "        vertical-align: middle;\n",
       "    }\n",
       "\n",
       "    .dataframe tbody tr th {\n",
       "        vertical-align: top;\n",
       "    }\n",
       "\n",
       "    .dataframe thead th {\n",
       "        text-align: right;\n",
       "    }\n",
       "</style>\n",
       "<table border=\"1\" class=\"dataframe\">\n",
       "  <thead>\n",
       "    <tr style=\"text-align: right;\">\n",
       "      <th></th>\n",
       "      <th>Type</th>\n",
       "      <th>Size</th>\n",
       "      <th>Item</th>\n",
       "      <th>price</th>\n",
       "      <th>close</th>\n",
       "      <th>Price.1</th>\n",
       "      <th>Profit</th>\n",
       "    </tr>\n",
       "    <tr>\n",
       "      <th>date</th>\n",
       "      <th></th>\n",
       "      <th></th>\n",
       "      <th></th>\n",
       "      <th></th>\n",
       "      <th></th>\n",
       "      <th></th>\n",
       "      <th></th>\n",
       "    </tr>\n",
       "  </thead>\n",
       "  <tbody>\n",
       "    <tr>\n",
       "      <th>2020-07-01 19:27:25</th>\n",
       "      <td>sell</td>\n",
       "      <td>0.5</td>\n",
       "      <td>xauusd</td>\n",
       "      <td>1767.21</td>\n",
       "      <td>2020.07.02 15:43:23</td>\n",
       "      <td>1765.82</td>\n",
       "      <td>69.5</td>\n",
       "    </tr>\n",
       "    <tr>\n",
       "      <th>2020-07-01 19:40:06</th>\n",
       "      <td>sell</td>\n",
       "      <td>0.5</td>\n",
       "      <td>xauusd</td>\n",
       "      <td>1768.28</td>\n",
       "      <td>2020.07.02 15:16:45</td>\n",
       "      <td>1767.84</td>\n",
       "      <td>22.0</td>\n",
       "    </tr>\n",
       "    <tr>\n",
       "      <th>2020-07-01 16:09:03</th>\n",
       "      <td>buy</td>\n",
       "      <td>0.5</td>\n",
       "      <td>xauusd</td>\n",
       "      <td>1775.25</td>\n",
       "      <td>2020.07.02 12:02:40</td>\n",
       "      <td>1772.75</td>\n",
       "      <td>-125.0</td>\n",
       "    </tr>\n",
       "    <tr>\n",
       "      <th>2020-07-01 19:49:10</th>\n",
       "      <td>sell</td>\n",
       "      <td>0.5</td>\n",
       "      <td>xauusd</td>\n",
       "      <td>1769.12</td>\n",
       "      <td>2020.07.01 20:46:36</td>\n",
       "      <td>1769.05</td>\n",
       "      <td>3.5</td>\n",
       "    </tr>\n",
       "    <tr>\n",
       "      <th>2020-07-01 18:23:39</th>\n",
       "      <td>buy</td>\n",
       "      <td>0.5</td>\n",
       "      <td>xauusd</td>\n",
       "      <td>1760.00</td>\n",
       "      <td>2020.07.01 20:33:56</td>\n",
       "      <td>1771.32</td>\n",
       "      <td>566.0</td>\n",
       "    </tr>\n",
       "    <tr>\n",
       "      <th>2020-07-01 16:14:02</th>\n",
       "      <td>buy</td>\n",
       "      <td>0.5</td>\n",
       "      <td>xauusd</td>\n",
       "      <td>1773.10</td>\n",
       "      <td>2020.07.01 20:32:15</td>\n",
       "      <td>1771.27</td>\n",
       "      <td>-91.5</td>\n",
       "    </tr>\n",
       "    <tr>\n",
       "      <th>2020-07-01 16:53:00</th>\n",
       "      <td>buy</td>\n",
       "      <td>0.5</td>\n",
       "      <td>xauusd</td>\n",
       "      <td>1767.57</td>\n",
       "      <td>2020.07.01 19:21:54</td>\n",
       "      <td>1767.49</td>\n",
       "      <td>-4.0</td>\n",
       "    </tr>\n",
       "    <tr>\n",
       "      <th>2020-06-30 16:39:16</th>\n",
       "      <td>sell</td>\n",
       "      <td>0.5</td>\n",
       "      <td>xauusd</td>\n",
       "      <td>1769.66</td>\n",
       "      <td>2020.07.01 16:42:45</td>\n",
       "      <td>1770.00</td>\n",
       "      <td>-17.0</td>\n",
       "    </tr>\n",
       "    <tr>\n",
       "      <th>2020-06-30 16:30:37</th>\n",
       "      <td>sell</td>\n",
       "      <td>1.0</td>\n",
       "      <td>xauusd</td>\n",
       "      <td>1768.13</td>\n",
       "      <td>2020.07.01 16:42:45</td>\n",
       "      <td>1770.00</td>\n",
       "      <td>-187.0</td>\n",
       "    </tr>\n",
       "    <tr>\n",
       "      <th>2020-06-30 17:17:30</th>\n",
       "      <td>sell</td>\n",
       "      <td>0.5</td>\n",
       "      <td>xauusd</td>\n",
       "      <td>1774.60</td>\n",
       "      <td>2020.07.01 16:08:16</td>\n",
       "      <td>1774.93</td>\n",
       "      <td>-16.5</td>\n",
       "    </tr>\n",
       "    <tr>\n",
       "      <th>2020-07-01 10:16:11</th>\n",
       "      <td>sell</td>\n",
       "      <td>0.3</td>\n",
       "      <td>xauusd</td>\n",
       "      <td>1788.00</td>\n",
       "      <td>2020.07.01 15:39:01</td>\n",
       "      <td>1778.21</td>\n",
       "      <td>293.7</td>\n",
       "    </tr>\n",
       "    <tr>\n",
       "      <th>2020-06-30 17:41:49</th>\n",
       "      <td>sell</td>\n",
       "      <td>0.3</td>\n",
       "      <td>xauusd</td>\n",
       "      <td>1777.68</td>\n",
       "      <td>2020.07.01 14:24:42</td>\n",
       "      <td>1779.78</td>\n",
       "      <td>-63.0</td>\n",
       "    </tr>\n",
       "    <tr>\n",
       "      <th>2020-07-01 02:20:31</th>\n",
       "      <td>sell</td>\n",
       "      <td>1.0</td>\n",
       "      <td>xauusd</td>\n",
       "      <td>1783.11</td>\n",
       "      <td>2020.07.01 13:45:34</td>\n",
       "      <td>1781.52</td>\n",
       "      <td>159.0</td>\n",
       "    </tr>\n",
       "    <tr>\n",
       "      <th>2020-06-30 17:54:07</th>\n",
       "      <td>sell</td>\n",
       "      <td>0.3</td>\n",
       "      <td>xauusd</td>\n",
       "      <td>1784.00</td>\n",
       "      <td>2020.06.30 21:05:46</td>\n",
       "      <td>1780.35</td>\n",
       "      <td>109.5</td>\n",
       "    </tr>\n",
       "    <tr>\n",
       "      <th>2020-06-30 17:53:26</th>\n",
       "      <td>sell</td>\n",
       "      <td>0.5</td>\n",
       "      <td>xauusd</td>\n",
       "      <td>1782.13</td>\n",
       "      <td>2020.06.30 21:04:56</td>\n",
       "      <td>1780.93</td>\n",
       "      <td>60.0</td>\n",
       "    </tr>\n",
       "    <tr>\n",
       "      <th>2020-06-30 09:25:49</th>\n",
       "      <td>buy</td>\n",
       "      <td>0.5</td>\n",
       "      <td>xauusd</td>\n",
       "      <td>1772.61</td>\n",
       "      <td>2020.06.30 17:08:36</td>\n",
       "      <td>1771.24</td>\n",
       "      <td>-68.5</td>\n",
       "    </tr>\n",
       "    <tr>\n",
       "      <th>2020-06-29 13:09:33</th>\n",
       "      <td>sell</td>\n",
       "      <td>0.3</td>\n",
       "      <td>xauusd</td>\n",
       "      <td>1770.87</td>\n",
       "      <td>2020.06.30 15:52:56</td>\n",
       "      <td>1768.91</td>\n",
       "      <td>58.8</td>\n",
       "    </tr>\n",
       "    <tr>\n",
       "      <th>2020-06-29 03:43:01</th>\n",
       "      <td>sell</td>\n",
       "      <td>0.3</td>\n",
       "      <td>xauusd</td>\n",
       "      <td>1773.50</td>\n",
       "      <td>2020.06.29 11:24:48</td>\n",
       "      <td>1770.09</td>\n",
       "      <td>102.3</td>\n",
       "    </tr>\n",
       "  </tbody>\n",
       "</table>\n",
       "</div>"
      ],
      "text/plain": [
       "                     Type  Size    Item    price                close  \\\n",
       "date                                                                    \n",
       "2020-07-01 19:27:25  sell   0.5  xauusd  1767.21  2020.07.02 15:43:23   \n",
       "2020-07-01 19:40:06  sell   0.5  xauusd  1768.28  2020.07.02 15:16:45   \n",
       "2020-07-01 16:09:03   buy   0.5  xauusd  1775.25  2020.07.02 12:02:40   \n",
       "2020-07-01 19:49:10  sell   0.5  xauusd  1769.12  2020.07.01 20:46:36   \n",
       "2020-07-01 18:23:39   buy   0.5  xauusd  1760.00  2020.07.01 20:33:56   \n",
       "2020-07-01 16:14:02   buy   0.5  xauusd  1773.10  2020.07.01 20:32:15   \n",
       "2020-07-01 16:53:00   buy   0.5  xauusd  1767.57  2020.07.01 19:21:54   \n",
       "2020-06-30 16:39:16  sell   0.5  xauusd  1769.66  2020.07.01 16:42:45   \n",
       "2020-06-30 16:30:37  sell   1.0  xauusd  1768.13  2020.07.01 16:42:45   \n",
       "2020-06-30 17:17:30  sell   0.5  xauusd  1774.60  2020.07.01 16:08:16   \n",
       "2020-07-01 10:16:11  sell   0.3  xauusd  1788.00  2020.07.01 15:39:01   \n",
       "2020-06-30 17:41:49  sell   0.3  xauusd  1777.68  2020.07.01 14:24:42   \n",
       "2020-07-01 02:20:31  sell   1.0  xauusd  1783.11  2020.07.01 13:45:34   \n",
       "2020-06-30 17:54:07  sell   0.3  xauusd  1784.00  2020.06.30 21:05:46   \n",
       "2020-06-30 17:53:26  sell   0.5  xauusd  1782.13  2020.06.30 21:04:56   \n",
       "2020-06-30 09:25:49   buy   0.5  xauusd  1772.61  2020.06.30 17:08:36   \n",
       "2020-06-29 13:09:33  sell   0.3  xauusd  1770.87  2020.06.30 15:52:56   \n",
       "2020-06-29 03:43:01  sell   0.3  xauusd  1773.50  2020.06.29 11:24:48   \n",
       "\n",
       "                     Price.1  Profit  \n",
       "date                                  \n",
       "2020-07-01 19:27:25  1765.82    69.5  \n",
       "2020-07-01 19:40:06  1767.84    22.0  \n",
       "2020-07-01 16:09:03  1772.75  -125.0  \n",
       "2020-07-01 19:49:10  1769.05     3.5  \n",
       "2020-07-01 18:23:39  1771.32   566.0  \n",
       "2020-07-01 16:14:02  1771.27   -91.5  \n",
       "2020-07-01 16:53:00  1767.49    -4.0  \n",
       "2020-06-30 16:39:16  1770.00   -17.0  \n",
       "2020-06-30 16:30:37  1770.00  -187.0  \n",
       "2020-06-30 17:17:30  1774.93   -16.5  \n",
       "2020-07-01 10:16:11  1778.21   293.7  \n",
       "2020-06-30 17:41:49  1779.78   -63.0  \n",
       "2020-07-01 02:20:31  1781.52   159.0  \n",
       "2020-06-30 17:54:07  1780.35   109.5  \n",
       "2020-06-30 17:53:26  1780.93    60.0  \n",
       "2020-06-30 09:25:49  1771.24   -68.5  \n",
       "2020-06-29 13:09:33  1768.91    58.8  \n",
       "2020-06-29 03:43:01  1770.09   102.3  "
      ]
     },
     "execution_count": 12,
     "metadata": {},
     "output_type": "execute_result"
    }
   ],
   "source": [
    "data.set_index('date',drop=True)"
   ]
  },
  {
   "cell_type": "code",
   "execution_count": 20,
   "metadata": {
    "execution": {
     "iopub.execute_input": "2020-07-03T06:10:09.135368Z",
     "iopub.status.busy": "2020-07-03T06:10:09.134408Z",
     "iopub.status.idle": "2020-07-03T06:10:09.140355Z",
     "shell.execute_reply": "2020-07-03T06:10:09.139542Z",
     "shell.execute_reply.started": "2020-07-03T06:10:09.134408Z"
    }
   },
   "outputs": [],
   "source": [
    "data.sort_values(by='date',ascending=True,inplace=True)"
   ]
  },
  {
   "cell_type": "code",
   "execution_count": 22,
   "metadata": {
    "execution": {
     "iopub.execute_input": "2020-07-03T06:10:48.370478Z",
     "iopub.status.busy": "2020-07-03T06:10:48.370478Z",
     "iopub.status.idle": "2020-07-03T06:10:48.386431Z",
     "shell.execute_reply": "2020-07-03T06:10:48.386431Z",
     "shell.execute_reply.started": "2020-07-03T06:10:48.370478Z"
    }
   },
   "outputs": [
    {
     "data": {
      "text/html": [
       "<div>\n",
       "<style scoped>\n",
       "    .dataframe tbody tr th:only-of-type {\n",
       "        vertical-align: middle;\n",
       "    }\n",
       "\n",
       "    .dataframe tbody tr th {\n",
       "        vertical-align: top;\n",
       "    }\n",
       "\n",
       "    .dataframe thead th {\n",
       "        text-align: right;\n",
       "    }\n",
       "</style>\n",
       "<table border=\"1\" class=\"dataframe\">\n",
       "  <thead>\n",
       "    <tr style=\"text-align: right;\">\n",
       "      <th></th>\n",
       "      <th>Type</th>\n",
       "      <th>Size</th>\n",
       "      <th>Item</th>\n",
       "      <th>price</th>\n",
       "      <th>close</th>\n",
       "      <th>Price.1</th>\n",
       "      <th>Profit</th>\n",
       "    </tr>\n",
       "    <tr>\n",
       "      <th>date</th>\n",
       "      <th></th>\n",
       "      <th></th>\n",
       "      <th></th>\n",
       "      <th></th>\n",
       "      <th></th>\n",
       "      <th></th>\n",
       "      <th></th>\n",
       "    </tr>\n",
       "  </thead>\n",
       "  <tbody>\n",
       "    <tr>\n",
       "      <th>2020-06-29 03:43:01</th>\n",
       "      <td>sell</td>\n",
       "      <td>0.3</td>\n",
       "      <td>xauusd</td>\n",
       "      <td>1773.50</td>\n",
       "      <td>2020.06.29 11:24:48</td>\n",
       "      <td>1770.09</td>\n",
       "      <td>102.3</td>\n",
       "    </tr>\n",
       "    <tr>\n",
       "      <th>2020-06-29 13:09:33</th>\n",
       "      <td>sell</td>\n",
       "      <td>0.3</td>\n",
       "      <td>xauusd</td>\n",
       "      <td>1770.87</td>\n",
       "      <td>2020.06.30 15:52:56</td>\n",
       "      <td>1768.91</td>\n",
       "      <td>58.8</td>\n",
       "    </tr>\n",
       "    <tr>\n",
       "      <th>2020-06-30 09:25:49</th>\n",
       "      <td>buy</td>\n",
       "      <td>0.5</td>\n",
       "      <td>xauusd</td>\n",
       "      <td>1772.61</td>\n",
       "      <td>2020.06.30 17:08:36</td>\n",
       "      <td>1771.24</td>\n",
       "      <td>-68.5</td>\n",
       "    </tr>\n",
       "    <tr>\n",
       "      <th>2020-06-30 16:30:37</th>\n",
       "      <td>sell</td>\n",
       "      <td>1.0</td>\n",
       "      <td>xauusd</td>\n",
       "      <td>1768.13</td>\n",
       "      <td>2020.07.01 16:42:45</td>\n",
       "      <td>1770.00</td>\n",
       "      <td>-187.0</td>\n",
       "    </tr>\n",
       "    <tr>\n",
       "      <th>2020-06-30 16:39:16</th>\n",
       "      <td>sell</td>\n",
       "      <td>0.5</td>\n",
       "      <td>xauusd</td>\n",
       "      <td>1769.66</td>\n",
       "      <td>2020.07.01 16:42:45</td>\n",
       "      <td>1770.00</td>\n",
       "      <td>-17.0</td>\n",
       "    </tr>\n",
       "    <tr>\n",
       "      <th>2020-06-30 17:17:30</th>\n",
       "      <td>sell</td>\n",
       "      <td>0.5</td>\n",
       "      <td>xauusd</td>\n",
       "      <td>1774.60</td>\n",
       "      <td>2020.07.01 16:08:16</td>\n",
       "      <td>1774.93</td>\n",
       "      <td>-16.5</td>\n",
       "    </tr>\n",
       "    <tr>\n",
       "      <th>2020-06-30 17:41:49</th>\n",
       "      <td>sell</td>\n",
       "      <td>0.3</td>\n",
       "      <td>xauusd</td>\n",
       "      <td>1777.68</td>\n",
       "      <td>2020.07.01 14:24:42</td>\n",
       "      <td>1779.78</td>\n",
       "      <td>-63.0</td>\n",
       "    </tr>\n",
       "    <tr>\n",
       "      <th>2020-06-30 17:53:26</th>\n",
       "      <td>sell</td>\n",
       "      <td>0.5</td>\n",
       "      <td>xauusd</td>\n",
       "      <td>1782.13</td>\n",
       "      <td>2020.06.30 21:04:56</td>\n",
       "      <td>1780.93</td>\n",
       "      <td>60.0</td>\n",
       "    </tr>\n",
       "    <tr>\n",
       "      <th>2020-06-30 17:54:07</th>\n",
       "      <td>sell</td>\n",
       "      <td>0.3</td>\n",
       "      <td>xauusd</td>\n",
       "      <td>1784.00</td>\n",
       "      <td>2020.06.30 21:05:46</td>\n",
       "      <td>1780.35</td>\n",
       "      <td>109.5</td>\n",
       "    </tr>\n",
       "    <tr>\n",
       "      <th>2020-07-01 02:20:31</th>\n",
       "      <td>sell</td>\n",
       "      <td>1.0</td>\n",
       "      <td>xauusd</td>\n",
       "      <td>1783.11</td>\n",
       "      <td>2020.07.01 13:45:34</td>\n",
       "      <td>1781.52</td>\n",
       "      <td>159.0</td>\n",
       "    </tr>\n",
       "    <tr>\n",
       "      <th>2020-07-01 10:16:11</th>\n",
       "      <td>sell</td>\n",
       "      <td>0.3</td>\n",
       "      <td>xauusd</td>\n",
       "      <td>1788.00</td>\n",
       "      <td>2020.07.01 15:39:01</td>\n",
       "      <td>1778.21</td>\n",
       "      <td>293.7</td>\n",
       "    </tr>\n",
       "    <tr>\n",
       "      <th>2020-07-01 16:09:03</th>\n",
       "      <td>buy</td>\n",
       "      <td>0.5</td>\n",
       "      <td>xauusd</td>\n",
       "      <td>1775.25</td>\n",
       "      <td>2020.07.02 12:02:40</td>\n",
       "      <td>1772.75</td>\n",
       "      <td>-125.0</td>\n",
       "    </tr>\n",
       "    <tr>\n",
       "      <th>2020-07-01 16:14:02</th>\n",
       "      <td>buy</td>\n",
       "      <td>0.5</td>\n",
       "      <td>xauusd</td>\n",
       "      <td>1773.10</td>\n",
       "      <td>2020.07.01 20:32:15</td>\n",
       "      <td>1771.27</td>\n",
       "      <td>-91.5</td>\n",
       "    </tr>\n",
       "    <tr>\n",
       "      <th>2020-07-01 16:53:00</th>\n",
       "      <td>buy</td>\n",
       "      <td>0.5</td>\n",
       "      <td>xauusd</td>\n",
       "      <td>1767.57</td>\n",
       "      <td>2020.07.01 19:21:54</td>\n",
       "      <td>1767.49</td>\n",
       "      <td>-4.0</td>\n",
       "    </tr>\n",
       "    <tr>\n",
       "      <th>2020-07-01 18:23:39</th>\n",
       "      <td>buy</td>\n",
       "      <td>0.5</td>\n",
       "      <td>xauusd</td>\n",
       "      <td>1760.00</td>\n",
       "      <td>2020.07.01 20:33:56</td>\n",
       "      <td>1771.32</td>\n",
       "      <td>566.0</td>\n",
       "    </tr>\n",
       "    <tr>\n",
       "      <th>2020-07-01 19:27:25</th>\n",
       "      <td>sell</td>\n",
       "      <td>0.5</td>\n",
       "      <td>xauusd</td>\n",
       "      <td>1767.21</td>\n",
       "      <td>2020.07.02 15:43:23</td>\n",
       "      <td>1765.82</td>\n",
       "      <td>69.5</td>\n",
       "    </tr>\n",
       "    <tr>\n",
       "      <th>2020-07-01 19:40:06</th>\n",
       "      <td>sell</td>\n",
       "      <td>0.5</td>\n",
       "      <td>xauusd</td>\n",
       "      <td>1768.28</td>\n",
       "      <td>2020.07.02 15:16:45</td>\n",
       "      <td>1767.84</td>\n",
       "      <td>22.0</td>\n",
       "    </tr>\n",
       "    <tr>\n",
       "      <th>2020-07-01 19:49:10</th>\n",
       "      <td>sell</td>\n",
       "      <td>0.5</td>\n",
       "      <td>xauusd</td>\n",
       "      <td>1769.12</td>\n",
       "      <td>2020.07.01 20:46:36</td>\n",
       "      <td>1769.05</td>\n",
       "      <td>3.5</td>\n",
       "    </tr>\n",
       "  </tbody>\n",
       "</table>\n",
       "</div>"
      ],
      "text/plain": [
       "                     Type  Size    Item    price                close  \\\n",
       "date                                                                    \n",
       "2020-06-29 03:43:01  sell   0.3  xauusd  1773.50  2020.06.29 11:24:48   \n",
       "2020-06-29 13:09:33  sell   0.3  xauusd  1770.87  2020.06.30 15:52:56   \n",
       "2020-06-30 09:25:49   buy   0.5  xauusd  1772.61  2020.06.30 17:08:36   \n",
       "2020-06-30 16:30:37  sell   1.0  xauusd  1768.13  2020.07.01 16:42:45   \n",
       "2020-06-30 16:39:16  sell   0.5  xauusd  1769.66  2020.07.01 16:42:45   \n",
       "2020-06-30 17:17:30  sell   0.5  xauusd  1774.60  2020.07.01 16:08:16   \n",
       "2020-06-30 17:41:49  sell   0.3  xauusd  1777.68  2020.07.01 14:24:42   \n",
       "2020-06-30 17:53:26  sell   0.5  xauusd  1782.13  2020.06.30 21:04:56   \n",
       "2020-06-30 17:54:07  sell   0.3  xauusd  1784.00  2020.06.30 21:05:46   \n",
       "2020-07-01 02:20:31  sell   1.0  xauusd  1783.11  2020.07.01 13:45:34   \n",
       "2020-07-01 10:16:11  sell   0.3  xauusd  1788.00  2020.07.01 15:39:01   \n",
       "2020-07-01 16:09:03   buy   0.5  xauusd  1775.25  2020.07.02 12:02:40   \n",
       "2020-07-01 16:14:02   buy   0.5  xauusd  1773.10  2020.07.01 20:32:15   \n",
       "2020-07-01 16:53:00   buy   0.5  xauusd  1767.57  2020.07.01 19:21:54   \n",
       "2020-07-01 18:23:39   buy   0.5  xauusd  1760.00  2020.07.01 20:33:56   \n",
       "2020-07-01 19:27:25  sell   0.5  xauusd  1767.21  2020.07.02 15:43:23   \n",
       "2020-07-01 19:40:06  sell   0.5  xauusd  1768.28  2020.07.02 15:16:45   \n",
       "2020-07-01 19:49:10  sell   0.5  xauusd  1769.12  2020.07.01 20:46:36   \n",
       "\n",
       "                     Price.1  Profit  \n",
       "date                                  \n",
       "2020-06-29 03:43:01  1770.09   102.3  \n",
       "2020-06-29 13:09:33  1768.91    58.8  \n",
       "2020-06-30 09:25:49  1771.24   -68.5  \n",
       "2020-06-30 16:30:37  1770.00  -187.0  \n",
       "2020-06-30 16:39:16  1770.00   -17.0  \n",
       "2020-06-30 17:17:30  1774.93   -16.5  \n",
       "2020-06-30 17:41:49  1779.78   -63.0  \n",
       "2020-06-30 17:53:26  1780.93    60.0  \n",
       "2020-06-30 17:54:07  1780.35   109.5  \n",
       "2020-07-01 02:20:31  1781.52   159.0  \n",
       "2020-07-01 10:16:11  1778.21   293.7  \n",
       "2020-07-01 16:09:03  1772.75  -125.0  \n",
       "2020-07-01 16:14:02  1771.27   -91.5  \n",
       "2020-07-01 16:53:00  1767.49    -4.0  \n",
       "2020-07-01 18:23:39  1771.32   566.0  \n",
       "2020-07-01 19:27:25  1765.82    69.5  \n",
       "2020-07-01 19:40:06  1767.84    22.0  \n",
       "2020-07-01 19:49:10  1769.05     3.5  "
      ]
     },
     "execution_count": 22,
     "metadata": {},
     "output_type": "execute_result"
    }
   ],
   "source": [
    "data.set_index('date',drop=True)"
   ]
  },
  {
   "cell_type": "code",
   "execution_count": 24,
   "metadata": {
    "collapsed": true,
    "execution": {
     "iopub.execute_input": "2020-07-03T06:11:15.497627Z",
     "iopub.status.busy": "2020-07-03T06:11:15.497627Z",
     "iopub.status.idle": "2020-07-03T06:11:15.508105Z",
     "shell.execute_reply": "2020-07-03T06:11:15.507600Z",
     "shell.execute_reply.started": "2020-07-03T06:11:15.497627Z"
    },
    "jupyter": {
     "outputs_hidden": true
    }
   },
   "outputs": [
    {
     "name": "stdout",
     "output_type": "stream",
     "text": [
      "<class 'pandas.core.frame.DataFrame'>\n",
      "Int64Index: 18 entries, 17 to 3\n",
      "Data columns (total 8 columns):\n",
      " #   Column   Non-Null Count  Dtype         \n",
      "---  ------   --------------  -----         \n",
      " 0   date     18 non-null     datetime64[ns]\n",
      " 1   Type     18 non-null     object        \n",
      " 2   Size     18 non-null     float64       \n",
      " 3   Item     18 non-null     object        \n",
      " 4   price    18 non-null     float64       \n",
      " 5   close    18 non-null     object        \n",
      " 6   Price.1  18 non-null     float64       \n",
      " 7   Profit   18 non-null     float64       \n",
      "dtypes: datetime64[ns](1), float64(4), object(3)\n",
      "memory usage: 1.1+ KB\n"
     ]
    }
   ],
   "source": [
    "data.info()"
   ]
  },
  {
   "cell_type": "code",
   "execution_count": 25,
   "metadata": {
    "collapsed": true,
    "execution": {
     "iopub.execute_input": "2020-07-03T06:11:20.873226Z",
     "iopub.status.busy": "2020-07-03T06:11:20.872230Z",
     "iopub.status.idle": "2020-07-03T06:11:20.893176Z",
     "shell.execute_reply": "2020-07-03T06:11:20.893176Z",
     "shell.execute_reply.started": "2020-07-03T06:11:20.873226Z"
    },
    "jupyter": {
     "outputs_hidden": true
    }
   },
   "outputs": [
    {
     "data": {
      "text/html": [
       "<div>\n",
       "<style scoped>\n",
       "    .dataframe tbody tr th:only-of-type {\n",
       "        vertical-align: middle;\n",
       "    }\n",
       "\n",
       "    .dataframe tbody tr th {\n",
       "        vertical-align: top;\n",
       "    }\n",
       "\n",
       "    .dataframe thead th {\n",
       "        text-align: right;\n",
       "    }\n",
       "</style>\n",
       "<table border=\"1\" class=\"dataframe\">\n",
       "  <thead>\n",
       "    <tr style=\"text-align: right;\">\n",
       "      <th></th>\n",
       "      <th>Size</th>\n",
       "      <th>price</th>\n",
       "      <th>Price.1</th>\n",
       "      <th>Profit</th>\n",
       "    </tr>\n",
       "  </thead>\n",
       "  <tbody>\n",
       "    <tr>\n",
       "      <th>count</th>\n",
       "      <td>18.00000</td>\n",
       "      <td>18.000000</td>\n",
       "      <td>18.000000</td>\n",
       "      <td>18.000000</td>\n",
       "    </tr>\n",
       "    <tr>\n",
       "      <th>mean</th>\n",
       "      <td>0.50000</td>\n",
       "      <td>1773.601111</td>\n",
       "      <td>1772.861111</td>\n",
       "      <td>48.433333</td>\n",
       "    </tr>\n",
       "    <tr>\n",
       "      <th>std</th>\n",
       "      <td>0.20292</td>\n",
       "      <td>7.128044</td>\n",
       "      <td>5.100751</td>\n",
       "      <td>170.244934</td>\n",
       "    </tr>\n",
       "    <tr>\n",
       "      <th>min</th>\n",
       "      <td>0.30000</td>\n",
       "      <td>1760.000000</td>\n",
       "      <td>1765.820000</td>\n",
       "      <td>-187.000000</td>\n",
       "    </tr>\n",
       "    <tr>\n",
       "      <th>25%</th>\n",
       "      <td>0.35000</td>\n",
       "      <td>1768.490000</td>\n",
       "      <td>1769.287500</td>\n",
       "      <td>-51.500000</td>\n",
       "    </tr>\n",
       "    <tr>\n",
       "      <th>50%</th>\n",
       "      <td>0.50000</td>\n",
       "      <td>1772.855000</td>\n",
